 37  37  41  40  37  37  37  37  37  37  37  37  40  41  37  37
 37  37  64  57  56  37  37  37  37  37  37  56  57  64  37  37
 41  64  55  74 110  38  66  52  52  66  38 110  74  55  64  41
 40  57  74  83 109  38  58  48  48  58  38 109  83  74  57  40
 37  56 110 109  58  37  37  64  64  37  37  58 109 110  56  37
 37  39  37  37  37  37  39  37  37  39  37  37  38  38  37  37
 43  82  37  37  37  39  86  37  37  86  39  37  58  66  37  37
 37  37  37  37  64  37  37  50  50  62  38  64  37  37  60  40
 37  37  37  37  64  37  37  50  50  62  38  64  37  37  60  40
 43  82  37  37  37  39  86  37  37  37  37  37  58  66  82  43
 37  39  37  37  37  37  39  37  37  37  37  37  38  38  39  37
 37  56 110 109  58  39  90  37  37  37  37  94  37  37  86  43
 40  57  74  83 109  38  58  37  37  58  38  60  37  37  57  40
 41  64  55  74 110  38  66  37  37  66  38  69  37  37  64  41
 37  37  64  57  56  37  37  60  60  37  37  37  57  64  58  40
 37  37  41  40  37  37  37  40  40  37  37  37  40  41  40  37
 37  37  44  42  37  37  37  37  37  37  37  37  42  44  37  37
 37  37  87  74  72  37  37  37  37  37  37  72  74  87  37  37
 44  87  70 106 173  39  91  65  65  91  39 173 106  70  87  44
 42  74 106 121 170  39  77  58  58  77  39 170 121 106  74  42
 37  72 173 170  76  37  37  88  88  37  37  76 170 173  72  37
 37  40  37  37  37  37  41  37  37  41  37  37  39  39  37  37
 48 120  37  37  37  41 127  37  37 127  41  37  77  91  37  37
 37  37  37  37  88  37  37  61  61  84  39  88  37  37  80  43
 37  37  37  37  88  37  37  61  61  84  39  88  37  37  80  43
 48 120  37  37  37  41 127  37  37  37  37  37  77  91 120  48
 37  40  37  37  37  37  41  37  37  37  37  37  39  39  40  37
 37  72 173 170  76  41 135  37  37  37  37 142  37  37 127  49
 42  74 106 121 170  39  77  37  37  77  39  80  37  37  74  42
 44  87  70 106 173  39  91  37  37  91  39  96  37  37  87  44
 37  37  87  74  72  37  37  80  80  37  37  37  74  87  76  42
 37  37  44  42  37  37  37  43  43  37  37  37  42  44  42  38
 37  37  46  44  37  37  37  37  37  37  37  37  44  46  37  37
 37  37 108  89  87  37  37  37  37  37  37  87  89 108  37  37
 46 108  84 135 230  40 114  77  77 114  40 230 135  84 108  46
 44  89 135 157 225  39  93  66  66  93  39 225 157 135  89  44
 37  87 230 225  92  37  37 109 109  37  37  92 225 230  87  37
 38  42  37  37  37  37  42  37  37  42  37  37  39  40  37  37
 52 155  37  37  37  42 165  37  37 165  42  37  93 114  37  37
 37  37  37  37 109  37  37  72  72 104  40 109  37  37  98  45
 37  37  37  37 109  37  37  72  72 104  40 109  37  37  98  45
 52 155  37  37  37  42 165  37  37  37  37  37  93 114 155  52
 38  42  37  37  37  37  42  37  37  37  37  37  39  40  42  38
 37  87 230 225  92  43 175  37  37  37  37 186  37  37 164  54
 44  89 135 157 225  39  93  37  37  93  39  98  37  37  89  44
 46 108  84 135 230  40 114  37  37 114  40 120  37  37 108  46
 37  37 108  89  87  37  37  98  98  37  37  37  89 108  93  44
 37  37  46  44  37  37  37  45  45  37  37  37  44  46  44  38

 37  37  41  40  37  37  37  40  40  43  37  43  40  41  40  37
 37  37  64  57  56  37  37  60  60  82  39  86  57  64  58  40
 41  64  55  74 110  38  66  37  37  66  38  37  37  37  64  41
 40  57  74  83 109  38  58  37  37  58  38  37  37  37  57  40
 37  56 110 109  58  37  37  64  64  37  37  94  60  69  37  37
 37  37  38  38  37  37  39  38  38  37  37  37  38  38  37  37
 37  37  66  58  37  39  86  62  62  37  37  37  58  66  37  37
 37  37  52  48  64  37  37  50  50  37  37  37  37  37  60  40
 37  37  52  48  64  37  37  50  50  37  37  37  37  37  60  40
 37  37  66  58  37  39  86  37  37  86  39  90  58  66  37  37
 37  37  38  38  37  37  39  37  37  39  37  39  38  38  37  37
 37  56 110 109  58  37  37  64  64  37  37  58 109 110  56  37
 40  57  74  83 109  37  37  37  37  37  37 109  83  74  57  40
 41  64  55  74 110  37  37  37  37  37  37 110  74  55  64  41
 37  37  64  57  56  39  82  37  37  82  39  56  57  64  37  37
 37  37  41  40  37  37  43  37  37  43  37  37  40  41  37  37
 37  37  44  42  37  37  37  43  43  48  37  49  42  44  42  38
 37  37  87  74  72  37  37  80  80 120  40 127  74  87  76  42
 44  87  70 106 173  39  91  37  37  91  39  37  37  37  87  44
 42  74 106 121 170  39  77  37  37  77  39  37  37  37  74  42
 37  72 173 170  76  37  37  88  88  37  37 142  80  96  37  37
 37  37  39  39  37  37  41  39  39  37  37  37  39  39  37  37
 37  37  91  77  37  41 127  84  84  37  37  37  77  91  37  37
 37  37  65  58  88  37  37  61  61  37  37  37  37  37  80  43
 37  37  65  58  88  37  37  61  61  37  37  37  37  37  80  43
 37  37  91  77  37  41 127  37  37 127  41 135  77  91  37  37
 37  37  39  39  37  37  41  37  37  41  37  41  39  39  37  37
 37  72 173 170  76  37  37  88  88  37  37  76 170 173  72  37
 42  74 106 121 170  37  37  37  37  37  37 170 121 106  74  42
 44  87  70 106 173  37  37  37  37  37  37 173 106  70  87  44
 37  37  87  74  72  40 120  37  37 120  40  72  74  87  37  37
 37  37  44  42  37  37  48  37  37  48  37  37  42  44  37  37
 37  37  46  44  37  37  37  45  45  52  38  54  44  46  44  38
 37  37 108  89  87  37  37  98  98 155  42 164  89 108  93  44
 46 108  84 135 230  40 114  37  37 114  40  37  37  37 108  46
 44  89 135 157 225  39  93  37  37  93  39  37  37  37  89  44
 37  87 230 225  92  37  37 109 109  37  37 186  98 120  37  37
 37  37  40  39  37  37  42  40  40  37  37  37  39  40  37  37
 37  37 114  93  37  42 165 104 104  37  37  37  93 114  37  37
 37  37  77  66 109  37  37  72  72  37  37  37  37  37  98  45
 37  37  77  66 109  37  37  72  72  37  37  37  37  37  98  45
 37  37 114  93  37  42 165  37  37 165  42 175  93 114  37  37
 37  37  40  39  37  37  42  37  37  42  37  43  39  40  37  37
 37  87 230 225  92  37  37 109 109  37  37  92 225 230  87  37
 44  89 135 157 225  37  37  37  37  37  37 225 157 135  89  44
 46 108  84 135 230  37  37  37  37  37  37 230 135  84 108  46
 37  37 108  89  87  42 155  37  37 155  42  87  89 108  37  37
 37  37  46  44  37  38  52  37  37  52  38  37  44  46  37  37

 37  37  37  37  37  37  37  38  37  37  37  37  41  41  38  37
 38  44  43  44  44  45  44  49  46  40  41  53  71  72  52  37
 38  50  44  43  58  52  53  50  47  46  37  88  75  76  73  39
 38  50  46  43  54  52  54  49  44  42  37  86  68  74  71  39
 38  48  39  48  62  50  46  49  56  56  37  52  90  88  50  37
 37  38  40  46  50  49  42  46  49  43  46  47  37  39  43  37
 38  47  49  47  44  48  47  47  48  55  47  46  45  38  47  37
 38  46  46  43  51  45  53  48  46  49  45  50  41  39  44  37
 38  48  48  45  60  46  47  44  47  45  49  51  48  45  44  37
 37  46  58  52  47  48  54  51  52  54  52  44  41  45  50  37
 37  41  48  40  48  44  45  47  47  46  46  47  37  37  42  37
 37  53  88  86  52  48  43  49  49  43  47  54  88  86  51  37
 41  71  75  68  90  45  46  46  45  46  41  88  68  74  72  39
 41  72  76  74  88  48  50  53  51  57  48  86  74  76  73  39
 38  52  73  71  50  40  40  45  46  44  40  51  72  73  51  37
 37  37  39  39  37  37  37  37  37  37  37  37  39  39  37  37
 37  38  38  38  37  38  38  40  38  37  38  38  46  45  38  37
 39  51  48  50  51  52  50  60  54  43  45  68 100 102  66  38
 40  62  50  49  77  65  67  62  56  54  38 132 108 110 105  41
 39  61  55  50  71  65  70  60  50  47  37 129  95 108 102  41
 40  58  42  59  85  62  55  59  72  73  37  64 137 132  62  37
 37  39  42  55  62  60  47  55  60  48  54  56  38  41  48  37
 39  55  60  55  52  59  56  56  57  71  56  53  53  40  57  38
 39  55  54  49  64  52  68  58  54  60  53  62  45  41  52  38
 40  58  57  53  80  54  55  50  57  52  60  64  57  53  51  37
 37  54  77  67  57  57  69  64  66  70  68  50  46  53  62  38
 37  44  59  43  58  50  52  57  57  54  54  56  37  37  46  37
 38  68 132 129  64  58  49  61  61  49  56  68 132 129  64  37
 46 100 108  95 137  53  55  55  53  55  44 132  96 106 103  41
 45 102 110 108 132  59  61  67  64  76  59 129 106 109 103  41
 38  66 105 102  62  43  43  52  54  51  43  64 103 103  63  37
 37  38  41  41  37  37  37  37  37  37  37  37  41  41  37  37
 37  39  39  38  37  39  39  41  38  37  39  39  50  49  39  37
 40  57  52  56  57  59  56  71  61  45  49  82 127 130  78  38
 42  73  55  54  96  77  81  73  65  62  38 171 138 141 133  43
 40  73  63  55  85  78  85  70  56  51  37 168 119 137 129  43
 41  67  44  67 105  72  63  69  88  89  37  77 179 172  73  37
 37  41  45  63  71  70  52  63  70  54  62  64  39  43  53  38
 40  63  70  64  59  69  64  64  66  85  65  61  60  41  66  39
 39  63  62  55  76  59  82  68  62  70  60  73  49  42  58  38
 41  67  66  61  98  62  63  56  65  59  70  76  67  61  57  38
 38  61  95  80  65  67  84  77  80  84  82  56  50  61  73  39
 37  48  69  46  66  57  60  67  66  63  62  64  38  38  50  38
 39  82 171 168  76  66  53  71  71  55  64  82 171 167  77  38
 50 127 138 119 178  60  63  63  60  63  48 171 121 135 131  43
 49 130 141 137 172  69  72  81  76  93  69 167 135 140 132  43
 39  78 133 129  73  46  47  59  62  57  46  77 131 132  74  38
 37  38  43  43  37  37  37  37  37  37  37  38  43  43  38  37

 37  38  41  41  38  38  38  38  38  38  38  38  41  41  38  37
 38  53  73  72  52  43  47  45  44  50  42  52  72  73  53  38
 41  73  76  76  89  39  38  39  46  46  38  88  74  78  73  41
 41  71  73  68  89  38  46  42  48  42  37  89  67  74  72  41
 38  52  88  89  52  48  46  51  51  45  48  52  89  88  52  38
 38  42  38  38  38  46  48  46  49  53  46  48  41  49  41  37
 37  40  46  43  56  43  55  50  45  54  47  44  46  57  45  37
 37  46  48  44  55  49  48  47  47  52  48  50  46  51  46  37
 38  50  51  49  49  47  47  49  44  52  48  50  47  53  46  37
 38  44  53  55  47  42  46  54  47  54  45  43  46  50  40  37
 38  45  52  52  51  50  49  45  46  48  45  49  45  49  41  37
 37  44  58  55  62  51  45  51  59  49  48  52  89  89  52  38
 37  44  44  43  48  46  47  44  46  53  41  89  68  76  72  41
 38  43  44  47  40  40  49  47  48  58  49  88  73  76  73  41
 38  45  50  50  49  38  47  47  48  46  41  52  71  73  53  38
 37  38  38  38  38  37  38  38  38  37  37  38  41  41  38  37
 37  39  44  44  38  38  39  39  38  39  38  38  44  44  39  37
 39  66 104 102  66  48  57  52  51  62  47  65 102 104  66  39
 44 104 111 111 133  41  40  41  53  53  38 132 107 112 104  44
 44 101 105  95 134  38  55  46  57  47  38 133  93 107 102  44
 38  65 132 133  65  57  53  63  65  51  57  65 133 132  65  38
 38  46  38  38  38  54  57  54  59  68  54  57  45  60  44  37
 37  43  54  48  73  49  71  61  52  70  56  50  55  75  53  37
 38  53  57  50  71  60  57  55  57  66  57  61  54  64  55  38
 39  61  63  61  60  56  57  60  50  65  58  62  55  68  54  38
 38  50  67  71  56  47  55  70  56  68  53  49  55  62  43  37
 38  53  65  66  63  61  60  52  54  58  51  59  53  60  44  37
 37  50  77  71  84  62  52  64  78  58  57  65 134 133  66  38
 38  50  50  49  58  54  56  50  53  68  45 133  95 111 102  44
 38  48  50  56  43  42  60  56  56  77  60 132 105 111 104  44
 38  52  63  62  59  39  56  55  58  54  44  65 101 104  66  39
 37  39  40  39  40  37  39  39  39  38  37  38  44  44  39  37
 37  39  46  47  39  39  40  40  39  40  39  39  47  46  39  37
 39  78 132 130  78  53  65  59  57  74  51  78 129 133  78  39
 46 131 141 142 173  43  41  42  60  61  39 172 136 144 133  46
 47 128 134 119 175  39  62  51  66  52  38 173 116 136 129  47
 39  78 172 173  77  65  60  74  76  58  65  77 173 172  78  39
 39  50  39  38  38  62  66  61  69  82  63  65  48  70  48  37
 38  46  62  53  89  55  85  71  59  84  64  56  63  92  60  38
 38  61  66  56  86  70  66  63  65  79  67  72  61  75  63  38
 40  72  74  72  70  64  65  69  56  78  68  72  63  81  61  38
 38  55  80  86  63  52  62  84  65  83  61  53  62  73  47  38
 39  59  77  78  73  71  69  59  62  67  57  68  60  70  48  37
 37  55  95  85 104  72  59  76  96  68  65  77 174 173  78  39
 38  56  55  54  66  62  65  56  61  81  49 173 119 142 130  47
 39  52  56  64  46  44  70  64  64  95  70 172 134 141 132  46
 39  58  73  73  68  40  64  63  67  61  48  78 128 131  78  39
 37  40  41  40  41  37  40  39  40  38  37  39  47  46  39  37
